17 26
4 2 37
4 3 36
6 0 306
6 1 114
7 0 298
7 1 120
7 2 208
7 5 316
7 7 157
9 2 88
9 4 41
9 6 182
10 0 174
10 5 353
10 7 258
11 5 85
11 8 64
13 1 144
13 2 278
14 5 224
14 10 275
14 12 179
15 8 74
15 14 187
16 12 143
16 15 86

1 
1 1 
1 1 1 
1 1 1 1 
1 1 1 1 1 
1 1 1 1 1 1 
1 1 1 1 1 1 1 
1 1 1 1 1 1 1 1 
1 1 1 1 1 1 1 1 1 
1 1 1 1 1 1 1 1 1 1 
1 1 1 1 1 1 1 1 1 1 1 
1 1 1 1 1 1 1 1 1 1 1 1 
1 1 0 0 0 0 0 3 0 0 0 0 0 
0 0 1 1 1 1 1 1 1 1 1 1 1 1 
1 0 1 1 1 1 1 1 1 1 1 1 1 1 1 
0 1 1 1 1 1 1 1 1 1 1 1 1 1 1 0 
